36
81
44
27
51
2
60
9
79
31
20
73
66
8
14
93
18
34
56
84
71
28
35
23
92
3
40
61
77
26
0
69
32
25
86
62
5
7
46
17
54
37
12
65
74
67
90
47
99
1
58
45
15
83
22
4
98
63
41
6
95
13
49
59
10
48
24
42
94
43
21
78
11
68
19
75
70
38
97
39
33
82
96
50
29
64
30
55
85
16
72
57
80
91
53
87
76
89
52
88
36
81
44
27
51
2
60
9
79
31
20
73
66
8
14
93
18
34
56
84
71
28
35
23
92
3
40
61
77
26
0
69
32
25
86
62
5
7
46
17
54
37
12
65
74
67
90
47
99
1
58
45
15
83
22
4
98
63
41
6
95
13
49
59
10
48
24
42
94
43
21
78
11
68
19
75
70
38
97
39
33
82
96
50
29
64
30
55
85
16
72
57
80
91
53
87
76
89
52
88